0,note_on,17,F0,1,0.22493489583333304,4.5
0,note_on,19,G0,1,0.19498697916666696,5
0,note_on,21,A0,1,0.24739583333333304,6
0,note_on,23,B0,1,0.21744791666666696,6.5
0,note_on,21,A0,1,0.19492187500000036,10.5
0,note_on,19,G0,1,0.16490885416666679,11
0,note_on,23,B0,1,0.11243489583333321,11.5
0,note_on,17,F0,1,0.24739583333333393,12
0,note_on,21,A0,1,0.19492187500000036,12.5
0,note_on,19,G0,1,0.21744791666666607,13
0,note_on,23,B0,1,0.1649739583333325,13.5
0,note_on,17,F0,1,0.1649739583333325,14
0,note_on,17,F0,1,0.2774088541666657,17
0,note_on,19,G0,1,0.21744791666666785,17.5
0,note_on,21,A0,1,0.24739583333333215,17.75
0,note_on,23,B0,1,0.19498697916666785,18.5
0,note_on,21,A0,1,0.14251302083333428,19
0,note_on,19,G0,1,0.16497395833333428,19.5
0,note_on,17,F0,1,0.1349609375000007,20
0,note_on,19,G0,1,0.1875,21
0,note_on,21,A0,1,0.164908854166665,21.75
0,note_on,23,B0,1,0.19492187499999858,22.25
0,note_on,23,B0,1,0.16497395833333428,26.5
0,note_on,19,G0,1,0.19492187499999858,27
0,note_on,21,A0,1,0.1349609375000007,27.5
0,note_on,17,F0,1,0.19492187499999858,28
0,note_on,23,B0,1,0.16497395833333428,28.5
0,note_on,19,G0,1,0.19498697916666785,29
0,note_on,21,A0,1,0.19498697916666785,29.5
0,note_on,17,F0,1,0.24746093750000142,30
0,note_on,21,A0,1,0.14244791666666856,33
0,note_on,23,B0,1,0.1949869791666643,33.5
0,note_on,17,F0,1,0.25,34.5
0,note_on,19,G0,1,0.2174479166666643,35
0,note_on,21,A0,1,0.30742187500000284,35.5
0,note_on,23,B0,1,0.2174479166666643,36
0,note_on,17,F0,1,0.2249348958333357,37
0,note_on,21,A0,1,0.16497395833333428,37.5
0,note_on,19,G0,1,0.2174479166666643,38
0,note_on,23,B0,1,0.16497395833333428,42.5
0,note_on,21,A0,1,0.16497395833333428,43
0,note_on,17,F0,1,0.24746093750000142,43.5
0,note_on,19,G0,1,0.2774088541666657,44
0,note_on,21,A0,1,0.2549479166666657,44.25
0,note_on,23,B0,1,0.16497395833333428,45
0,note_on,17,F0,1,0.35989583333333286,45.5
0,note_on,19,G0,1,0.19492187499999858,46
0,note_on,23,B0,1,0.19492187499999858,49
0,note_on,21,A0,1,0.13496093749999716,49.25
0,note_on,23,B0,1,0.16497395833333428,49.5
0,note_on,17,F0,1,0.35240885416666856,50.5
0,note_on,19,G0,1,0.2249348958333357,51
0,note_on,21,A0,1,0.2174479166666643,51.5
0,note_on,23,B0,1,0.19492187499999858,52
0,note_on,17,F0,1,0.24746093750000142,53
0,note_on,21,A0,1,0.16497395833333428,53.5
0,note_on,19,G0,1,0.16497395833333428,54
0,note_on,23,B0,1,0.16497395833333428,58.5
0,note_on,19,G0,1,0.2548828125,59
0,note_on,21,A0,1,0.17246093749999858,59.5
0,note_on,17,F0,1,0.2174479166666643,60
0,note_on,23,B0,1,0.16497395833333428,60.25
0,note_on,19,G0,1,0.19492187499999858,61
0,note_on,21,A0,1,0.16490885416666856,61.5
0,note_on,17,F0,1,0.19492187499999858,62
0,note_on,23,B0,1,0.1949869791666714,65
0,note_on,17,F0,1,0.21738281250000568,65.5
0,note_on,21,A0,1,0.14251302083333428,66.5
0,note_on,19,G0,1,0.16490885416666856,67
0,note_on,23,B0,1,0.1949869791666714,67.5
0,note_on,17,F0,1,0.25,68
0,note_on,17,F0,1,0.15598958333333712,74
0,note_on,19,G0,1,0.10794270833333997,74.5
0,note_on,21,A0,1,0.13196614583333144,75.5
0,note_on,23,B0,1,0.11399739583333712,82
0,note_on,21,A0,1,0.13196614583333144,83
0,note_on,19,G0,1,0.10794270833333997,83.5
0,note_on,17,F0,1,0.13196614583333144,85
0,note_on,23,B0,1,0.14993489583333997,86
0,note_on,19,G0,1,0.15598958333333712,87
0,note_on,21,A0,1,0.13196614583333144,88
0,note_on,17,F0,1,0.1139322916666714,89
0,note_on,23,B0,1,0.13196614583333144,89.5
0,note_on,19,G0,1,0.17395833333333144,90
0,note_on,21,A0,1,0.13196614583333144,90.5
0,note_on,17,F0,1,0.13196614583333144,91.5
0,note_on,23,B0,1,0.15598958333333712,92
0,note_on,19,G0,1,0.15598958333333712,93
0,note_on,21,A0,1,0.13196614583333144,93.5
0,note_on,17,F0,1,0.17994791666666288,94.5
0,note_on,23,B0,1,0.15598958333333712,95
0,note_on,19,G0,1,0.13196614583333144,96
0,note_on,21,A0,1,0.1139322916666714,96.5
0,note_on,17,F0,1,0.22194010416666288,97.5
0,note_on,19,G0,1,0.17395833333333144,98
0,note_on,21,A0,1,0.15598958333333712,98.5
0,note_on,23,B0,1,0.1559244791666714,99
0,note_on,17,F0,1,0.17994791666666288,99.5
0,note_on,19,G0,1,0.13196614583333144,100
0,note_on,23,B0,1,0.15598958333333712,101.5
0,note_on,21,A0,1,0.13196614583333144,103
0,note_on,17,F0,1,0.17395833333333144,104
0,note_on,17,F0,1,0.1800130208333286,105.5
0,note_on,19,G0,1,0.13196614583333144,106.5
0,note_on,23,B0,1,0.17395833333333144,107.5
0,note_on,23,B0,1,0.15598958333333712,109.5
0,note_on,21,A0,1,0.15000000000000568,111
0,note_on,17,F0,1,0.14993489583333997,112
0,note_on,17,F0,1,0.22194010416666288,113.5
0,note_on,19,G0,1,0.15598958333333712,114.5
0,note_on,21,A0,1,0.13196614583333144,115
0,note_on,23,B0,1,0.13196614583333144,115.5
0,note_on,17,F0,1,0.1559244791666714,116
0,note_on,21,A0,1,0.1559244791666714,116.5
0,note_on,19,G0,1,0.17994791666666288,117
0,note_on,23,B0,1,0.1559244791666714,117.5
0,note_on,17,F0,1,0.2639322916666629,118
0,note_on,19,G0,1,0.24596354166666856,118.5
0,note_on,21,A0,1,0.1380208333333286,119
0,note_on,23,B0,1,0.15598958333333712,119.5
0,note_on,17,F0,1,0.22194010416666288,120
0,note_on,21,A0,1,0.13196614583333144,120.5
0,note_on,19,G0,1,0.1559244791666714,121
0,note_on,23,B0,1,0.10794270833333997,121.5
0,note_on,17,F0,1,0.19798177083333712,122
0,note_on,19,G0,1,0.1559244791666714,122.5
0,note_on,21,A0,1,0.10794270833333997,123
0,note_on,23,B0,1,0.1559244791666714,123.5
0,note_on,17,F0,1,0.3539062499999943,124
0,note_on,23,B0,1,0.15598958333333712,125.5
0,note_on,21,A0,1,0.13795572916666288,126.5
0,note_on,19,G0,1,0.1139322916666714,127.5
0,note_on,23,B0,1,0.06601562500000568,127.75
0,note_on,17,F0,1,0.1559244791666572,128
0,note_on,21,A0,1,0.1559244791666572,129
0,note_on,19,G0,1,0.06595052083332575,129.5
0,note_on,29,F1,1,3,132
0,note_on,35,B1,1,3,132
0,note_on,21,A0,1,0.17395833333333144,135
0,note_on,19,G0,1,0.1979166666666572,135.25
0,note_on,23,B0,1,0.23997395833333712,135.75
0,note_on,17,F0,1,0.28795572916666856,136
0,note_on,21,A0,1,0.19798177083333712,136.5
0,note_on,19,G0,1,0.22194010416666288,137
0,note_on,17,F0,1,0.13196614583333144,138
0,note_on,23,B0,1,0.13196614583333144,138
0,note_on,21,A0,1,0.15598958333333712,140.16666666666666
0,note_on,19,G0,1,0.1559244791666572,140.5
0,note_on,21,A0,1,0.17395833333333144,141.16666666666666
0,note_on,19,G0,1,0.1559244791666572,141.5
0,note_on,17,F0,1,0.19798177083333712,142.16666666666666
0,note_on,23,B0,1,0.17994791666666288,142.16666666666666
0,note_on,21,A0,1,0.17395833333333144,143.16666666666666
0,note_on,19,G0,1,0.17395833333333144,143.5
0,note_on,21,A0,1,0.15598958333333712,144.16666666666666
0,note_on,19,G0,1,0.13196614583333144,144.5
0,note_on,21,A0,1,0.17395833333333144,145.16666666666666
0,note_on,29,F1,1,2.333333333333343,146
0,note_on,35,B1,1,2.333333333333343,146
0,note_on,31,G1,1,1.6572265625,148.33333333333334
0,note_on,33,A1,1,1.6666666666666572,148.33333333333334
0,note_on,17,F0,1,0.24596354166666856,150
0,note_on,23,B0,1,0.2721354166666572,150
0,note_on,23,B0,1,0.10794270833332575,151
0,note_on,19,G0,1,0.19798177083333712,151.25
0,note_on,21,A0,1,0.15598958333333712,151.5
0,note_on,17,F0,1,0.17395833333333144,152
0,note_on,23,B0,1,0.19798177083333712,152.25
0,note_on,21,A0,1,0.2721354166666572,152.75
0,note_on,19,G0,1,0.2721354166666572,153.25
0,note_on,17,F0,1,0.2721354166666572,154.25
0,note_on,23,B0,1,0.2721354166666572,154.25
0,note_on,21,A0,1,0.17395833333333144,156.25
0,note_on,19,G0,1,0.17395833333333144,156.5
0,note_on,23,B0,1,0.20390624999998863,156.75
0,note_on,17,F0,1,0.1979166666666572,157
0,note_on,19,G0,1,0.17395833333333144,158
0,note_on,21,A0,1,0.1559244791666572,158
0,note_on,23,B0,1,0.10794270833332575,159
0,note_on,17,F0,1,0.19798177083333712,159.5
0,note_on,21,A0,1,0.13795572916666288,159.75
0,note_on,19,G0,1,0.15598958333333712,160
0,note_on,23,B0,1,0.1559244791666572,160.5
0,note_on,17,F0,1,0.17994791666666288,160.75
0,note_on,21,A0,1,0.15598958333333712,161
0,note_on,19,G0,1,0.1559244791666572,161.5
0,note_on,23,B0,1,0.17395833333333144,161.75
0,note_on,17,F0,1,0.15598958333333712,162
0,note_on,29,F1,1,2,164
0,note_on,31,G1,1,2,164
0,note_on,21,A0,1,0.04798177083333144,166
0,note_on,23,B0,1,0.06595052083332575,166
0,note_on,23,B0,1,0.13795572916666288,167
0,note_on,21,A0,1,0.13196614583333144,167.25
0,note_on,19,G0,1,0.17395833333333144,167.5
0,note_on,17,F0,1,0.17395833333333144,168.25
0,note_on,19,G0,1,0.17994791666666288,168.75
0,note_on,21,A0,1,0.13795572916666288,169.25
0,note_on,17,F0,1,0.2320963541666572,170.25
0,note_on,23,B0,1,0.1979166666666572,170.25
0,note_on,17,F0,1,0.2699218749999943,172.25
0,note_on,19,G0,1,0.13196614583333144,172.5
0,note_on,21,A0,1,0.15598958333333712,173.25
0,note_on,23,B0,1,0.13795572916666288,173.5
0,note_on,19,G0,1,0.2320963541666572,174
0,note_on,21,A0,1,0.2320963541666572,174
0,note_on,23,B0,1,0.13196614583333144,175.25
0,note_on,21,A0,1,0.13196614583333144,175.5
0,note_on,19,G0,1,0.13196614583333144,176.25
0,note_on,17,F0,1,0.13196614583333144,176.5
0,note_on,19,G0,1,0.17395833333333144,177.25
0,note_on,31,G1,1,2,178
0,note_on,33,A1,1,2,178
0,note_on,29,F1,1,2,180
0,note_on,35,B1,1,2,180
0,note_on,19,G0,1,0.19798177083333712,182
0,note_on,21,A0,1,0.13196614583333144,182
0,note_on,17,F0,1,0.3539062499999943,183.25
0,note_on,19,G0,1,0.24596354166666856,183.5
0,note_on,21,A0,1,0.32994791666666856,183.75
0,note_on,23,B0,1,0.28789062499998863,184
0,note_on,17,F0,1,0.28795572916666856,184.5
0,note_on,19,G0,1,0.17994791666666288,185
0,note_on,21,A0,1,0.15598958333333712,186
0,note_on,23,B0,1,0.13196614583333144,186
0,note_on,23,B0,1,0.24596354166666856,188.25
0,note_on,21,A0,1,0.11399739583333712,188.5
0,note_on,19,G0,1,0.22194010416666288,189
0,note_on,17,F0,1,0.17395833333333144,189.25
0,note_on,19,G0,1,0.1979166666666572,190.25
0,note_on,21,A0,1,0.17395833333333144,190.5
0,note_on,23,B0,1,0.19798177083333712,190.75
0,note_on,17,F0,1,0.2639322916666629,191.25
0,note_on,19,G0,1,0.17395833333333144,191.5
0,note_on,21,A0,1,0.22194010416666288,191.75
0,note_on,23,B0,1,0.1979166666666572,192
0,note_on,17,F0,1,0.13795572916666288,194.25
0,note_on,23,B0,1,0.13196614583333144,194.25
0,note_on,19,G0,1,0.1559244791666572,195
0,note_on,21,A0,1,0.17395833333333144,195
0,note_on,17,F0,1,0.15292968750000568,196
0,note_on,19,G0,1,0.17994791666666288,196.5
0,note_on,21,A0,1,0.13046875000000568,197
0,note_on,23,B0,1,0.13046875000000568,197.5
0,note_on,17,F0,1,0.11250000000001137,198
0,note_on,23,B0,1,0.11692708333333712,199
0,note_on,19,G0,1,0.13046875000000568,199.25
0,note_on,23,B0,1,0.13046875000000568,199.5
0,note_on,19,G0,1,0.18444010416666856,199.75
0,note_on,21,A0,1,0.13046875000000568,200
0,note_on,17,F0,1,0.13496093750001137,200.25
0,note_on,21,A0,1,0.14850260416667993,200.5
0,note_on,17,F0,1,0.1484375,200.75
0,note_on,23,B0,1,0.13496093750001137,201
0,note_on,19,G0,1,0.1484375,201.25
0,note_on,23,B0,1,0.1484375,201.5
0,note_on,19,G0,1,0.14850260416667993,201.75
0,note_on,21,A0,1,0.13046875000000568,202
0,note_on,17,F0,1,0.13046875000000568,202.25
0,note_on,21,A0,1,0.13046875000000568,202.5
0,note_on,17,F0,1,0.16640624999999432,202.75
0,note_on,23,B0,1,0.13046875000000568,203
0,note_on,19,G0,1,0.13046875000000568,203.25
0,note_on,23,B0,1,0.1484375,203.5
0,note_on,19,G0,1,0.16640624999999432,203.75
0,note_on,17,F0,1,0.2789062500000057,204
0,note_on,19,G0,1,0.16647135416667425,204.25
0,note_on,21,A0,1,0.1484375,205
0,note_on,23,B0,1,0.13046875000000568,205.5
0,note_on,17,F0,1,0.1484375,205.75
0,note_on,17,F0,1,0.11699218749998863,207
0,note_on,23,B0,1,0.1484375,207.25
0,note_on,17,F0,1,0.13496093750001137,207.5
0,note_on,23,B0,1,0.14850260416667993,207.75
0,note_on,19,G0,1,0.13496093750001137,208
0,note_on,21,A0,1,0.16647135416667425,208.25
0,note_on,19,G0,1,0.13046875000000568,208.5
0,note_on,21,A0,1,0.16640624999999432,208.75
0,note_on,17,F0,1,0.13046875000000568,209
0,note_on,23,B0,1,0.16647135416667425,209.25
0,note_on,17,F0,1,0.11699218749998863,209.5
0,note_on,23,B0,1,0.1484375,209.75
0,note_on,19,G0,1,0.11692708333333712,210
0,note_on,21,A0,1,0.1484375,210.25
0,note_on,19,G0,1,0.1529947916666572,210.5
0,note_on,21,A0,1,0.13046875000000568,210.75
0,note_on,17,F0,1,0.13046875000000568,211
0,note_on,23,B0,1,0.1484375,211.25
0,note_on,17,F0,1,0.13496093750001137,211.5
0,note_on,23,B0,1,0.13046875000000568,211.75
0,note_on,17,F0,1,0.18444010416666856,212
0,note_on,19,G0,1,0.13496093750001137,212.5
0,note_on,21,A0,1,0.13496093750001137,213
0,note_on,23,B0,1,0.11699218749998863,214
0,note_on,23,B0,1,0.31490885416667425,214.75
0,note_on,21,A0,1,0.16647135416667425,215.25
0,note_on,23,B0,1,0.26542968749998863,215.5
0,note_on,21,A0,1,0.14850260416667993,215.75
0,note_on,17,F0,1,0.21595052083333144,216
0,note_on,19,G0,1,0.21595052083333144,216.25
0,note_on,17,F0,1,0.21145833333332575,216.5
0,note_on,19,G0,1,0.16191406249998863,216.75
0,note_on,23,B0,1,0.29694010416667993,217
0,note_on,21,A0,1,0.15292968750000568,217.25
0,note_on,23,B0,1,0.23391927083332575,217.5
0,note_on,21,A0,1,0.11250000000001137,217.75
0,note_on,17,F0,1,0.21595052083333144,218
0,note_on,19,G0,1,0.2473958333333428,218.25
0,note_on,17,F0,1,0.26542968749998863,218.5
0,note_on,19,G0,1,0.16647135416667425,218.75
0,note_on,23,B0,1,0.2789062500000057,219
0,note_on,21,A0,1,0.17994791666666288,219.25
0,note_on,23,B0,1,0.24746093749999432,219.5
0,note_on,21,A0,1,0.16647135416667425,219.75
0,note_on,19,G0,1,0.16640624999999432,220
0,note_on,21,A0,1,0.11699218749998863,220.5
0,note_on,17,F0,1,0.13046875000000568,222
0,note_on,23,B0,1,0.17994791666666288,222
0,note_on,21,A0,1,0.11699218749998863,223
0,note_on,19,G0,1,0.11699218749998863,224
0,note_on,17,F0,1,0.11699218749998863,226
0,note_on,23,B0,1,0.13046875000000568,226
0,note_on,17,F0,1,0.14850260416667993,228
0,note_on,19,G0,1,0.14850260416667993,228.5
0,note_on,21,A0,1,0.1484375,229
0,note_on,23,B0,1,0.13046875000000568,229.5
0,note_on,19,G0,1,0.13496093749998295,229.85397135416667
0,note_on,21,A0,1,0.14850260416667993,231
0,note_on,17,F0,1,0.1484375,231.33333333333334
0,note_on,21,A0,1,0.13496093750001137,231.66666666666666
0,note_on,19,G0,1,0.14850260416667993,232
0,note_on,23,B0,1,0.13496093749998295,232.33333333333334
0,note_on,19,G0,1,0.1484375,232.66666666666666
0,note_on,21,A0,1,0.11699218749998863,233
0,note_on,17,F0,1,0.1529947916666572,233.33333333333334
0,note_on,21,A0,1,0.11250000000001137,233.66666666666666
0,note_on,19,G0,1,0.14850260416667993,234
0,note_on,23,B0,1,0.13046874999997726,234.33333333333334
0,note_on,19,G0,1,0.13046875000000568,234.66666666666666
0,note_on,21,A0,1,0.13046875000000568,235
0,note_on,17,F0,1,0.16647135416664582,235.33333333333334
0,note_on,21,A0,1,0.09895833333334281,235.66666666666666
0,note_on,17,F0,1,0.1484375,236.16666666666666
0,note_on,19,G0,1,0.13496093750001137,236.66666666666666
0,note_on,21,A0,1,0.11243489583333144,237
0,note_on,23,B0,1,0.13046875000000568,237.5
0,note_on,17,F0,1,0.13496093750001137,238
0,note_on,23,B0,1,0.13046875000000568,239
0,note_on,17,F0,1,0.1485026041666515,239.33333333333334
0,note_on,23,B0,1,0.13046875000000568,239.66666666666666
0,note_on,19,G0,1,0.13046875000000568,240
0,note_on,21,A0,1,0.13046874999997726,240.33333333333334
0,note_on,19,G0,1,0.09895833333334281,240.66666666666666
0,note_on,23,B0,1,0.11692708333333712,241
0,note_on,17,F0,1,0.14850260416667993,241.16666666666666
0,note_on,23,B0,1,0.13496093750001137,241.5
0,note_on,19,G0,1,0.13046874999997726,241.83333333333334
0,note_on,21,A0,1,0.13046875000000568,242.16666666666666
0,note_on,19,G0,1,0.11699218749998863,242.5
0,note_on,23,B0,1,0.13046874999997726,242.83333333333334
0,note_on,17,F0,1,0.16647135416667425,243.16666666666666
0,note_on,23,B0,1,0.13496093749998295,243.33333333333334
0,note_on,17,F0,1,0.4498697916666572,244
0,note_on,19,G0,1,0.21595052083333144,244.5
0,note_on,21,A0,1,0.1484375,245
0,note_on,23,B0,1,0.11699218749998863,246
0,note_on,23,B0,1,0.0015625000000056843,247
0,note_on,21,A0,1,0.08261718749997726,247.33333333333334
0,note_on,23,B0,1,0.08255208333335418,247.66666666666666
0,note_on,17,F0,1,0.1666666666666572,248
0,note_on,19,G0,1,0.0015624999999772626,248.33333333333334
0,note_on,17,F0,1,0.03307291666666856,248.66666666666666
0,note_on,23,B0,1,0.10507812499997726,248.83333333333334
0,note_on,21,A0,1,0.11412760416666856,249.16666666666666
0,note_on,23,B0,1,0.01959635416667993,249.5
0,note_on,17,F0,1,0.21308593749998295,249.83333333333334
0,note_on,19,G0,1,0.06914062500001705,250.16666666666666
0,note_on,17,F0,1,0.06914062499998863,250.5
0,note_on,23,B0,1,0.1666666666666572,250.83333333333334
0,note_on,21,A0,1,0.13209635416666288,251.16666666666666
0,note_on,23,B0,1,0.06458333333333144,251.5
0,note_on,17,F0,1,0.21302083333333144,252
0,note_on,19,G0,1,0.03307291666666856,252.5
0,note_on,21,A0,1,0.03313802083332007,252.83333333333334
0,note_on,23,B0,1,0.0015624999999772626,253.83333333333334
0,note_on,17,F0,1,0.03313802083332007,254.83333333333334
0,note_on,21,A0,1,0.05104166666666288,254.83333333333334
0,note_on,31,G1,1,4,256
0,note_on,35,B1,1,3.9996093749999773,256.000390625
0,note_on,17,F0,1,0.19791666666668561,260
0,note_on,19,G0,1,0.10794270833332575,260.5
0,note_on,21,A0,1,0.13795572916666288,261
0,note_on,23,B0,1,0.19798177083333712,261.5
0,note_on,21,A0,1,0.17395833333335986,262.5
0,note_on,19,G0,1,0.15598958333333712,263.5
0,note_on,23,B0,1,0.19791666666668561,264.5
0,note_on,17,F0,1,0.17994791666666288,265
0,note_on,21,A0,1,0.15592447916668561,266
0,note_on,19,G0,1,0.08990885416665151,267
0,note_on,17,F0,1,0.28789062499998863,268
0,note_on,19,G0,1,0.14999999999997726,268.5
0,note_on,21,A0,1,0.15598958333333712,269
0,note_on,23,B0,1,0.19798177083333712,269.5
0,note_on,17,F0,1,0.14993489583332575,271
0,note_on,21,A0,1,0.15598958333333712,271.5
0,note_on,19,G0,1,0.15605468749998863,272.5
0,note_on,23,B0,1,0.19798177083333712,273
0,note_on,17,F0,1,0.13795572916666288,274
0,note_on,23,B0,1,0.17395833333335986,275
0,note_on,21,A0,1,0.13196614583335986,276
0,note_on,19,G0,1,0.19798177083333712,276.5
0,note_on,23,B0,1,0.19798177083333712,277
0,note_on,17,F0,1,0.13795572916666288,277.5
0,note_on,21,A0,1,0.17395833333335986,279
0,note_on,19,G0,1,0.13196614583335986,279.5
0,note_on,23,B0,1,0.17994791666666288,280.5
0,note_on,17,F0,1,0.19791666666668561,281
0,note_on,21,A0,1,0.15592447916668561,282
0,note_on,19,G0,1,0.17994791666666288,283
0,note_on,17,F0,1,0.23997395833333712,284
0,note_on,19,G0,1,0.13203125000001137,284.5
0,note_on,21,A0,1,0.17395833333335986,285
0,note_on,23,B0,1,0.15598958333333712,285.5
0,note_on,21,A0,1,0.15598958333333712,286.5
0,note_on,19,G0,1,0.19791666666668561,287.5
0,note_on,23,B0,1,0.17395833333335986,288.5
0,note_on,21,A0,1,0.13196614583335986,289
0,note_on,19,G0,1,0.17395833333335986,290
0,note_on,17,F0,1,0.13795572916666288,291
0,note_on,17,F0,1,0.23990885416668561,292
0,note_on,19,G0,1,0.13196614583335986,292.5
0,note_on,21,A0,1,0.17395833333335986,293
0,note_on,23,B0,1,0.19791666666668561,293.5
0,note_on,17,F0,1,0.24589843749998863,294.5
0,note_on,21,A0,1,0.14999999999997726,295.5
0,note_on,19,G0,1,0.15598958333333712,296
0,note_on,23,B0,1,0.24589843749998863,296.5
0,note_on,17,F0,1,0.23990885416668561,297
0,note_on,21,A0,1,0.19798177083333712,297.5
0,note_on,19,G0,1,0.19791666666668561,298
0,note_on,23,B0,1,0.19798177083333712,298.5
0,note_on,17,F0,1,0.15592447916668561,299
0,note_on,17,F0,1,0.19798177083333712,300
0,note_on,19,G0,1,0.15592447916668561,300.5
0,note_on,21,A0,1,0.13196614583335986,301
0,note_on,23,B0,1,0.19798177083333712,301.5
0,note_on,23,B0,1,0.18001302083331439,303
0,note_on,21,A0,1,0.13795572916666288,303.5
0,note_on,17,F0,1,0.25,304
0,note_on,19,G0,1,0.17395833333335986,304.5
0,note_on,17,F0,1,0.13196614583335986,305
0,note_on,21,A0,1,0.19791666666668561,306
0,note_on,19,G0,1,0.22194010416666288,307
0,note_on,23,B0,1,0.15592447916668561,308
0,note_on,21,A0,1,0.11393229166668561,308.5
0,note_on,19,G0,1,0.1738932291666515,309
0,note_on,17,F0,1,0.17994791666666288,309.5
0,note_on,19,G0,1,0.17395833333335986,310.5
0,note_on,21,A0,1,0.15598958333333712,311.5
0,note_on,17,F0,1,0.20397135416664014,312.5
0,note_on,23,B0,1,0.13196614583335986,313
0,note_on,19,G0,1,0.25,313.5
0,note_on,17,F0,1,0.22194010416666288,314
0,note_on,21,A0,1,0.15598958333333712,315
0,note_on,19,G0,1,0.19791666666668561,316
0,note_on,23,B0,1,0.15598958333333712,316.5
0,note_on,19,G0,1,0.18001302083331439,317
0,note_on,21,A0,1,0.13795572916666288,317.5
0,note_on,17,F0,1,0.22194010416666288,318.5
0,note_on,23,B0,1,0.22194010416666288,319.5
0,note_on,19,G0,1,0.15592447916668561,320.5
0,note_on,21,A0,1,0.17395833333335986,321
0,note_on,17,F0,1,0.15598958333333712,322
0,note_on,23,B0,1,0.10800781249997726,323
0,note_on,17,F0,1,0.20397135416664014,324
0,note_on,19,G0,1,0.10800781249997726,325.5
0,note_on,21,A0,1,0.17994791666666288,327
0,note_on,23,B0,1,0.15598958333333712,328
0,note_on,21,A0,1,0.15598958333333712,329.5
0,note_on,19,G0,1,0.10794270833332575,331
0,note_on,17,F0,1,0.19798177083333712,332
0,note_on,19,G0,1,0.11399739583333712,333.5
0,note_on,21,A0,1,0.14999999999997726,335
0,note_on,23,B0,1,0.13196614583335986,336
0,note_on,21,A0,1,0.10800781249997726,337.5
0,note_on,19,G0,1,0.17994791666666288,339
0,note_on,17,F0,1,0.17395833333335986,340
0,note_on,19,G0,1,0.15598958333333712,341.5
0,note_on,21,A0,1,0.17994791666666288,343
0,note_on,23,B0,1,0.14993489583332575,344
0,note_on,21,A0,1,0.13196614583335986,345.5
0,note_on,19,G0,1,0.15592447916668561,347
0,note_on,17,F0,1,0.19798177083333712,348
0,note_on,19,G0,1,0.17994791666666288,349.5
0,note_on,21,A0,1,0.17395833333335986,351
0,note_on,23,B0,1,0.15592447916668561,352
0,note_on,21,A0,1,0.15598958333333712,353.5
0,note_on,17,F0,1,0.17395833333335986,355
0,note_on,23,B0,1,0.15598958333333712,355.25
0,note_on,19,G0,1,0.14993489583332575,355.5
0,note_on,23,B0,1,0.1522786458333485,356
0,note_on,21,A0,1,0.13196614583335986,357.5
0,note_on,17,F0,1,0.15598958333333712,359.25
0,note_on,23,B0,1,0.15592447916668561,360.75
0,note_on,19,G0,1,0.22194010416666288,362
0,note_on,21,A0,1,0.15598958333333712,362.75
0,note_on,17,F0,1,0.11399739583333712,363.75
0,note_on,23,B0,1,0.17395833333335986,365
0,note_on,17,F0,1,0.19791666666668561,367
0,note_on,23,B0,1,0.19791666666668561,368.5
0,note_on,19,G0,1,0.19798177083333712,370.25
0,note_on,21,A0,1,0.14999999999997726,371
0,note_on,17,F0,1,0.20397135416664014,371.75
0,note_on,23,B0,1,0.20397135416664014,372.25
0,note_on,19,G0,1,0.15592447916668561,373.75
0,note_on,21,A0,1,0.15592447916668561,375.25
0,note_on,17,F0,1,0.19798177083333712,376.75
0,note_on,19,G0,1,0.13196614583335986,378.25
0,note_on,21,A0,1,0.15598958333333712,379
0,note_on,23,B0,1,0.15598958333333712,380
0,note_on,17,F0,1,0.22194010416666288,380.75
0,note_on,21,A0,1,0.13196614583335986,381.5
0,note_on,19,G0,1,0.19791666666668561,382
0,note_on,23,B0,1,0.15592447916668561,382.75
0,note_on,17,F0,1,0.14993489583332575,383.25
0,note_on,21,A0,1,0.15592447916668561,383.5
0,note_on,19,G0,1,0.13196614583335986,384.25
0,note_on,23,B0,1,0.15592447916668561,385
0,note_on,17,F0,1,0.13196614583335986,385.75
0,note_on,21,A0,1,0.13196614583335986,386
0,note_on,17,F0,1,0.27747395833335986,388
0,note_on,23,B0,1,0.19492187499997726,388
0,note_on,19,G0,1,0.21744791666668561,390
0,note_on,21,A0,1,0.19492187499997726,390
0,note_on,29,F1,1,1.9382812499999886,391
0,note_on,31,G1,1,1.9382812499999886,391
0,note_on,33,A1,1,1.4382812499999886,393
0,note_on,35,B1,1,1.4382812499999886,393
0,note_on,29,F1,1,1.4382161458333371,394.5
0,note_on,31,G1,1,1.4382812499999886,394.5
0,note_on,29,F1,1,1.9384114583333485,398
0,note_on,33,A1,1,1.9382812499999886,398
0,note_on,31,G1,1,1.4382812499999886,400
0,note_on,35,B1,1,1.4382812499999886,400
0,note_on,29,F1,1,1.1049479166666742,401.5
0,note_on,33,A1,1,1.1049479166666742,401.5
0,note_on,31,G1,1,1.093880208333303,402.6666666666667
0,note_on,35,B1,1,1.093880208333303,402.6666666666667
0,note_on,17,F0,1,0.2774088541666515,404
0,note_on,23,B0,1,0.2774088541666515,404
0,note_on,17,F0,1,0.24739583333331439,405
0,note_on,23,B0,1,0.24752604166667425,405
0,note_on,19,G0,1,0.1875,406
0,note_on,21,A0,1,0.19498697916668561,406
0,note_on,31,G1,1,1.9457682291666742,407
0,note_on,35,B1,1,1.9382812499999886,407
0,note_on,29,F1,1,1.4529296874999886,409
0,note_on,33,A1,1,1.4382812499999886,409
0,note_on,31,G1,1,1.4457682291666742,410.5
0,note_on,35,B1,1,1.4382812499999886,410.5
0,note_on,29,F1,1,2.9382812499999886,413
0,note_on,35,B1,1,2.9382812499999886,413
0,note_on,31,G1,1,1.9382812499999886,416
0,note_on,33,A1,1,1.9382812499999886,416
0,note_on,29,F1,1,1.4382812499999886,418
0,note_on,35,B1,1,1.4382812499999886,418
0,note_on,23,B0,1,0.30742187499998863,420
0,note_on,17,F0,1,0.35996093749997726,420.5
0,note_on,21,A0,1,0.2774088541666515,421
0,note_on,19,G0,1,0.2698567708333144,421.5
0,note_on,23,B0,1,0.16490885416664014,422
0,note_on,31,G1,1,1.9382812499999886,423
0,note_on,35,B1,1,1.9382812499999886,423
0,note_on,29,F1,1,1.4382812499999886,425
0,note_on,33,A1,1,1.4382812499999886,425
0,note_on,31,G1,1,1.2653645833333371,426.5
0,note_on,35,B1,1,1.2954427083333258,426.5
0,note_on,21,A0,1,0.24746093750002274,428
0,note_on,19,G0,1,0.24746093750002274,428.5
0,note_on,23,B0,1,0.22500000000002274,429
0,note_on,17,F0,1,0.19498697916668561,429.5
0,note_on,29,F1,1,1.6049479166666742,430
0,note_on,31,G1,1,1.6049479166666742,430
0,note_on,33,A1,1,1.4382812499999886,431.6666666666667
0,note_on,35,B1,1,1.4382812499999886,431.6666666666667
0,note_on,29,F1,1,1.271614583333303,433.1666666666667
0,note_on,31,G1,1,1.271614583333303,433.1666666666667
0,note_on,33,A1,1,1.2716145833333599,434.5
0,note_on,35,B1,1,1.2716145833333599,434.5
0,note_on,17,F0,1,0.24746093750002274,436
0,note_on,23,B0,1,0.24739583333331439,436.5
0,note_on,19,G0,1,0.1875,437.5
0,note_on,21,A0,1,0.19492187499997726,438
0,note_on,31,G1,1,1.9382812499999886,439
0,note_on,33,A1,1,1.9382812499999886,439
0,note_on,29,F1,1,1.4382812499999886,441
0,note_on,35,B1,1,1.4382812499999886,441
0,note_on,31,G1,1,1.1049479166666742,442.5
0,note_on,33,A1,1,1.1049479166666742,442.5
0,note_on,17,F0,1,0.19498697916668561,444
0,note_on,23,B0,1,0.22493489583331439,444
0,note_on,17,F0,1,0.19492187499997726,444.5
0,note_on,23,B0,1,0.21744791666668561,444.5
0,note_on,31,G1,1,2.9382812499999886,445
0,note_on,33,A1,1,2.9382812499999886,445
0,note_on,29,F1,1,1.9382812499999886,448
0,note_on,35,B1,1,1.9382812499999886,448
0,note_on,31,G1,1,1.6049479166666742,450
0,note_on,33,A1,1,1.6049479166666742,450
0,note_on,17,F0,1,0.13046874999997726,452
0,note_on,19,G0,1,0.1484375,453
0,note_on,21,A0,1,0.19791666666668561,453.25
0,note_on,23,B0,1,0.16640625000002274,453.5
0,note_on,21,A0,1,0.17994791666666288,454.5
0,note_on,19,G0,1,0.13496093750001137,455
0,note_on,23,B0,1,0.18444010416664014,456
0,note_on,21,A0,1,0.09895833333331439,456.25
0,note_on,19,G0,1,0.13496093750001137,456.5
0,note_on,17,F0,1,0.16197916666664014,457.5
0,note_on,21,A0,1,0.11250000000001137,458
0,note_on,19,G0,1,0.1484375,458.5
0,note_on,23,B0,1,0.1484375,459
0,note_on,17,F0,1,0.16647135416667425,459.5
0,note_on,21,A0,1,0.13046874999997726,460
0,note_on,19,G0,1,0.1485026041666515,460.5
0,note_on,23,B0,1,0.13496093750001137,461.5
0,note_on,19,G0,1,0.16647135416667425,462
0,note_on,21,A0,1,0.1484375,463
0,note_on,17,F0,1,0.1485026041666515,464
0,note_on,23,B0,1,0.13046874999997726,464.5
0,note_on,19,G0,1,0.13046874999997726,465
0,note_on,21,A0,1,0.13489583333335986,465.5
0,note_on,17,F0,1,0.2158854166666515,466
0,note_on,23,B0,1,0.16640625000002274,466.5
0,note_on,19,G0,1,0.18444010416664014,467
0,note_on,21,A0,1,0.13046874999997726,467.5
0,note_on,17,F0,1,0.21595052083335986,468
0,note_on,19,G0,1,0.13053385416668561,468.5
0,note_on,21,A0,1,0.1485026041666515,469.5
0,note_on,23,B0,1,0.1484375,470
0,note_on,21,A0,1,0.11692708333333712,471
0,note_on,19,G0,1,0.16647135416667425,472
0,note_on,23,B0,1,0.1484375,472.5
0,note_on,17,F0,1,0.19791666666668561,473.5
0,note_on,21,A0,1,0.13496093750001137,474
0,note_on,19,G0,1,0.16647135416667425,474.5
0,note_on,23,B0,1,0.16191406249998863,475
0,note_on,17,F0,1,0.16647135416667425,476
0,note_on,21,A0,1,0.13502604166666288,476.5
0,note_on,19,G0,1,0.13046874999997726,477.5
0,note_on,23,B0,1,0.11699218749998863,478
0,note_on,19,G0,1,0.13046874999997726,478.25
0,note_on,21,A0,1,0.13046874999997726,478.5
0,note_on,17,F0,1,0.1484375,479.5
0,note_on,21,A0,1,0.13496093750001137,479.75
0,note_on,19,G0,1,0.13496093750001137,480
0,note_on,23,B0,1,0.13046874999997726,481
0,note_on,17,F0,1,0.1484375,481.25
0,note_on,21,A0,1,0.11699218749998863,481.5
0,note_on,19,G0,1,0.13496093750001137,482.5
0,note_on,23,B0,1,0.103515625,482.75
0,note_on,17,F0,1,0.1485026041666515,483
0,note_on,21,A0,1,0.08548177083332575,483.5
0,note_on,19,G0,1,0.15292968749997726,484
0,note_on,23,B0,1,0.25,485
0,note_on,21,A0,1,0.11692708333333712,485.5
0,note_on,17,F0,1,0.17994791666666288,486
0,note_on,19,G0,1,0.16191406249998863,486.5
0,note_on,21,A0,1,0.11692708333333712,487
0,note_on,23,B0,1,0.25,487.5
0,note_on,17,F0,1,0.11998697916664014,488.5
0,note_on,19,G0,1,0.09895833333331439,489.5
0,note_on,21,A0,1,0.07799479166664014,490.5
0,note_on,23,B0,1,0.11100260416668561,491
0,note_on,19,G0,1,0.11093749999997726,491.5
0,note_on,21,A0,1,0.09895833333331439,492
0,note_on,17,F0,1,0.11093749999997726,492.5
0,note_on,23,B0,1,0.09902343750002274,493.25
0,note_on,21,A0,1,0.11100260416668561,494.5
0,note_on,19,G0,1,0.08697916666665151,495
0,note_on,17,F0,1,0.11093749999997726,495.5
0,note_on,23,B0,1,0.09895833333331439,496
0,note_on,21,A0,1,0.08990885416665151,496.75
0,note_on,19,G0,1,0.07499999999998863,497.5
0,note_on,17,F0,1,0.11093749999997726,498
0,note_on,21,A0,1,0.09902343750002274,498.5
0,note_on,23,B0,1,0.09895833333331439,499
0,note_on,19,G0,1,0.11093749999997726,499.5
0,note_on,17,F0,1,0.07799479166664014,500
0,note_on,23,B0,1,0.11093749999997726,500.75
0,note_on,21,A0,1,0.09895833333331439,501.5
0,note_on,17,F0,1,0.11998697916664014,502.75
0,note_on,19,G0,1,0.11998697916664014,503.5
0,note_on,23,B0,1,0.09895833333331439,504.25
0,note_on,21,A0,1,0.13046874999997726,504.5
0,note_on,19,G0,1,0.1484375,504.75
0,note_on,21,A0,1,0.11692708333333712,505
0,note_on,23,B0,1,0.13046874999997726,505.5
0,note_on,17,F0,1,0.13496093750001137,505.75
0,note_on,23,B0,1,0.11243489583335986,506
0,note_on,21,A0,1,0.09895833333331439,506.5
0,note_on,19,G0,1,0.13502604166666288,506.75
0,note_on,21,A0,1,0.11692708333333712,507
0,note_on,19,G0,1,0.11250000000001137,507.25
0,note_on,23,B0,1,0.1485026041666515,507.5
0,note_on,17,F0,1,0.15292968749997726,508.5
0,note_on,19,G0,1,0.13496093750001137,509
0,note_on,21,A0,1,0.11243489583335986,509.5
0,note_on,23,B0,1,0.1485026041666515,510.5
0,note_on,19,G0,1,0.13046874999997726,511
0,note_on,21,A0,1,0.08098958333334849,511.5
0,note_on,17,F0,1,0.1485026041666515,512
0,note_on,23,B0,1,0.19798177083328028,512.75
0,note_on,19,G0,1,0.11243489583330302,513.5
0,note_on,21,A0,1,0.08098958333334849,514.5
0,note_on,17,F0,1,0.11699218750004547,515
0,note_on,29,F1,1,7.912695312499977,516.0873046875
0,note_on,31,G1,1,8.023958333333326,524
0,note_on,33,A1,1,8,532
0,note_on,35,B1,1,8,540