[[138,"res://levels/Prophecy.mp3",160,"res://levels/Prophecy.ogv"],["c","r",0.0,1.570795,2.0,110.0,"out-sin"],["f",2,1,4],["v",6,1,4],["j",10,1,4],["n",14,1,4],["f",18,1,4],["v",22,1,4],
["j",26,1,4],["n",30,1,4],["f",34,1,4],["v",38,1,4],["j",42,1,4],["n",46,1,4],["f",50,1,4],["v",54,1,4],["n",58,1,4],["j",62,1,4],["f",66,1,4],["v",70,1,4],["n",74,1,4],["j",78,1,4],["f",82,1,4],["v",86,1,4],
["j",90,1,4],["n",94,1,4],["f",98,1,15],["j",98,1,15],["f",114,1,10],["j",124,0],["n",125,1,5],["v",130,1,8],["j",138,0],["f",139,1,5.5],["j",145,0],["n",145.5,0],["v",146,1,8],["f",155.5,1,1.25],["v",156.75,1,5.25],["n",162,1,8],["f",170,1,1.5],["j",171.5,1,5],
["v",176.75,0],["n",177.25,0],["f",177.75,1,8.25],["j",188,0],["n",189,1,5],["v",194,1,8],
["f",202,1,1.5],["v",203.5,1,4.25],["f",208.5,0],["v",209.25,0],["n",210,1,8],["j",219.25,0],["n",220.5,1,5.5],
["f",226,1,8],["n",234,1,2],["j",236,1,2],["v",238,0],["n",238.75,0],["f",239.25,0],["j",240,0],["v",240.75,0],
["n",241.5,0],["f",242,1,5],["v",242,1,5],["f",247.5,0],["v",248,0],["n",248.75,0],["j",249.5,0],["f",250.25,1,2.75],
["v",250.25,1,2.75],["n",253,1,2],["j",253,1,2],["j",255.5,0],["n",256,0],["v",256.75,0],
["f",257.5,0],["j",258.25,1,3.75],["n",258.25,1,3.75],["f",263.25,0],
["v",264,0],["n",264.75,0],["j",265.25,0],["f",266,1,3],["v",266,1,3],["n",269.5,1,2.5],
["j",269.5,1,2.5],["j",272.75,0],["n",273.25,0],["v",274,1,4],["j",278,1,4],
["f",282,1,1.5],["n",283.5,1,1.5],["v",285,1,2],["f",287.5,0],
["v",288,0],["n",288.75,0],["j",289.25,0],["f",290,1,5],["v",290,1,5],
["j",295.5,0],["n",296,0],["v",296.5,0],["f",297.25,0],["j",298,1,2],
["n",298,1,2],["f",300.5,1,1.5],["v",302,1,2.5],["n",304.5,1,1.5],
["f",306,1,5],["v",306,1,5],["f",311.75,0],["v",312.25,0],["n",312.75,0],
["j",313.25,0],["f",314,1,3.5],["v",314,1,3.5],["n",317.5,1,1.5],["j",317.5,1,1.5],
["f",319.5,0],["v",320,0],["n",320.5,0],["j",321,0],["f",321.75,1,5.25],["v",321.75,1,5.25],["j",327.25,0],["n",327.75,0],
["v",328.25,0],["f",328.75,0],["j",329.5,1,4],["n",329.5,1,4],
["v",333.5,1,2.5],["f",333.5,1,2.5],["n",337,0],["j",337.5,0],
["f",338,1,4],["v",342,1,4],["n",346,1,1.5],["j",347.5,1,1.5],
["f",349,0],["f",351.5,0],["v",352,0],["n",352.5,0],["j",353,0],
["f",354,1,4.5],["n",354,1,4.5],["j",359.5,0],["n",360,0],
["v",360.5,0],["f",361,0],["f",362,1,2.5],["v",362,1,2.5],
["j",364.5,1,1.5],["n",364.5,1,1.5],["f",366,1,3.5],["j",368.5,1,1.5],
["v",370,0],["n",370,0],["c","e",372,0]]